2 0427 0487 2___________________
1 0427 0487 2___________________
2 0431 0499 21__________________
1 0431 0499 21__________________
2 0480 0727 1___________________
2 0480 0721 29182_______________
2 0480 0784 2915________________
2 0480 0847 2A95________________
2 0480 0910 2A98________________
2 0480 0974 2AA9________________
2 0480 1037 2AAA________________
2 0480 0776 291515______________
2 0480 0776 2A985_______________
2 0486 0429 2___________________
2 0486 0492 5___________________
2 0486 0556 96__________________
2 0486 0499 511_________________
2 0486 0624 965_________________
1 0488 0429 3___________________
1 0488 0492 5___________________
1 0488 0556 96__________________
1 0488 0619 9A__________________
2 0490 0487 5___________________
1 0490 0487 5___________________
2 0495 0499 11__________________
1 0495 0499 11__________________
1 0498 0429 12__________________
1 0498 0492 11__________________
1 0498 0556 29__________________
1 0498 0619 2A__________________
2 0500 0429 12__________________
2 0500 0492 11__________________
2 0500 0556 29__________________
2 0500 0487 115_________________
1 0552 0556 5___________________
1 0552 0619 9___________________
2 0554 0487 69__________________
1 0554 0487 69__________________
1 0554 0551 5___________________
2 0558 0499 92__________________
1 0558 0499 92__________________
2 0558 0624 5___________________
1 0558 0624 5___________________
1 0560 0556 5___________________
1 0560 0619 6___________________
1 0618 0551 9___________________
1 0618 0487 A9__________________
1 0620 0499 A2__________________
1 0620 0624 6___________________
2 0689 0556 5___________________
2 0689 0487 569_________________
2 0718 0776 25__________________
1 0718 0776 25__________________
1 0718 0839 282_________________
2 0723 0857 28225_______________
1 0723 0857 28225_______________
2 0723 0727 5___________________
1 0723 0727 5___________________
2 0723 0479 28192_______________
1 0723 0794 2815________________
2 0725 0721 5___________________
1 0725 0721 5___________________
2 0725 0784 82__________________
1 0725 0784 82__________________
2 0729 0479 1___________________
1 0777 0910 2826________________
1 0777 1037 282A2_______________
1 0777 0847 281_________________
1 0777 0784 51__________________
1 0777 0721 52__________________
1 0777 0974 282A1_______________
2 0780 0776 15__________________
1 0780 0776 15__________________
1 0780 0839 182_________________
2 0786 0857 5265________________
1 0786 0857 5265________________
2 0786 0727 28__________________
1 0786 0727 28__________________
1 0786 0794 515_________________
2 0786 0479 5192________________
1 0793 0910 698_________________
1 0793 0847 695_________________
1 0793 0784 515_________________
1 0793 0721 5182________________
1 0793 0974 6A9_________________
1 0793 1037 6AA_________________
2 0795 0910 698_________________
2 0795 0847 695_________________
2 0795 0784 515_________________
2 0795 0721 5182________________
2 0795 0974 6A9_________________
2 0795 1037 6AA_________________
2 0795 0905 6985________________
2 0795 0776 51515_______________
2 0838 0910 526_________________
2 0838 1037 52A2________________
2 0838 0847 51__________________
2 0838 0784 281_________________
2 0838 0721 282_________________
2 0838 0974 52A1________________
2 0838 0857 5155________________
2 0838 0479 5159A2______________
1 0840 0910 526_________________
1 0840 1037 52A2________________
1 0840 0847 51__________________
1 0840 0784 281_________________
1 0840 0721 282_________________
1 0840 0974 52A1________________
2 0844 0776 182_________________
1 0844 0776 182_________________
1 0844 0839 15__________________
2 0851 0857 55__________________
1 0851 0857 55__________________
1 0851 0794 596_________________
2 0851 0479 59A2________________
1 0855 0910 58__________________
1 0855 0847 55__________________
1 0855 0784 5625________________
1 0855 0721 56282_______________
1 0855 0974 69__________________
1 0855 1037 6A__________________
1 0906 0910 5___________________
1 0906 0974 91__________________
1 0906 1037 92__________________
2 0908 0776 6282________________
2 0908 0905 5___________________
1 0908 0776 6282________________
1 0908 0839 625_________________
1 0908 0905 5___________________
2 0914 0857 85__________________
1 0914 0857 85__________________
1 0914 0794 896_________________
2 0914 0479 89A2________________
2 0954 1020 6___________________
2 0954 1084 A2__________________
2 0972 0776 1A282_______________
2 0972 0905 19__________________
1 0972 0776 1A282_______________
1 0972 0905 19__________________
1 0972 0839 1A25________________
2 0976 0857 96__________________
1 0976 0857 96__________________
1 0976 0794 9A6_________________
1 0976 0981 5___________________
2 0976 0479 9AA2________________
1 0976 0479 9AA2________________
1 0979 0974 5___________________
1 0979 1037 6___________________
2 1014 1012 5___________________
2 1018 1084 92__________________
2 1018 1020 5___________________
2 1021 1016 5___________________
2 1021 0952 6___________________
2 1021 1012 55__________________
2 1035 0905 29__________________
1 1035 0905 29__________________
2 1035 0776 2A282_______________
1 1035 0776 2A282_______________
1 1035 0839 2A25________________
2 1039 0857 A6__________________
1 1039 0857 A6__________________
1 1039 0794 AA6_________________
1 1039 0981 6___________________
2 1039 0479 AAA2________________
1 1039 0479 AAA2________________
2 1074 1079 5___________________
2 1074 1016 28__________________
2 1074 1084 51__________________
2 1074 1020 285_________________
2 1077 1012 82__________________
2 1082 1084 1___________________
2 1085 1079 1___________________
2 1085 1016 29__________________
2 1085 0952 2A__________________
2 1085 1012 295_________________
2 1091 0910 5___________________
2 1091 0974 91__________________
2 1091 1037 92__________________
2 1091 0857 585_________________
2 1091 0479 589A2_______________
2 1219 1402 982_________________
2 1219 1339 91__________________
1 1219 1402 982_________________
1 1219 1339 91__________________
2 1223 1423 AA215_______________
2 1223 1360 AA2128______________
1 1223 1290 6___________________
1 1223 1355 A6__________________
1 1223 1418 AA2_________________
1 1277 1221 A___________________
1 1277 1284 61__________________
1 1277 1347 62__________________
2 1282 1402 2582________________
2 1282 1339 255_________________
1 1282 1402 2582________________
1 1282 1339 255_________________
2 1287 1423 9A215_______________
2 1287 1360 9A2128______________
1 1287 1290 5___________________
1 1287 1355 96__________________
1 1287 1418 9A2_________________
1 1289 1221 5___________________
1 1289 1284 6___________________
2 1308 1368 25__________________
2 1308 1431 282_________________
2 1313 1443 228_________________
2 1331 1391 22__________________
2 1338 1221 59__________________
2 1338 1284 552_________________
2 1338 1347 551_________________
2 1338 1410 281_________________
2 1338 1473 2822________________
2 1338 1536 28212_______________
2 1338 1599 28211_______________
2 1338 1360 55155_______________
2 1338 1423 281115______________
1 1340 1221 59__________________
1 1340 1284 552_________________
1 1340 1347 551_________________
1 1340 1410 281_________________
1 1340 1473 2822________________
1 1340 1536 28212_______________
1 1340 1599 28211_______________
2 1344 1402 1582________________
2 1344 1339 155_________________
1 1344 1402 1582________________
1 1344 1339 155_________________
2 1351 1423 9215________________
2 1351 1360 92128_______________
1 1351 1355 5___________________
1 1351 1418 92__________________
2 1353 1221 6A__________________
2 1353 1284 69__________________
2 1353 1347 5___________________
1 1353 1221 6A__________________
1 1353 1284 69__________________
1 1353 1347 5___________________
1 1357 1360 5___________________
1 1357 1423 28__________________
1 1359 1355 5___________________
1 1359 1418 821_________________
1 1359 1479 8229________________
2 1361 1355 5___________________
2 1361 1410 8211________________
2 1361 1479 8229________________
2 1361 1339 55155_______________
2 1361 1402 821115______________
2 1367 1311 52__________________
2 1367 1374 51__________________
2 1367 1437 281_________________
2 1367 1500 2822________________
2 1367 1443 28115_______________
2 1371 1368 15__________________
2 1371 1431 182_________________
2 1377 1443 128_________________
2 1381 1311 52__________________
2 1381 1374 51__________________
2 1381 1437 821_________________
2 1381 1500 8222________________
2 1381 1368 5115________________
2 1381 1432 82115_______________
2 1390 1393 1___________________
2 1390 1330 22__________________
2 1394 1391 1___________________
2 1401 1221 289_________________
2 1401 1284 2852________________
2 1401 1347 2851________________
2 1401 1410 51__________________
2 1401 1473 522_________________
2 1401 1536 5212________________
2 1401 1599 5211________________
2 1401 1360 511128______________
2 1401 1423 51115_______________
1 1403 1221 289_________________
1 1403 1284 2852________________
1 1403 1347 2851________________
1 1403 1410 51__________________
1 1403 1473 522_________________
1 1403 1536 5212________________
1 1403 1599 5211________________
2 1406 1402 15__________________
2 1406 1339 182_________________
1 1406 1402 15__________________
1 1406 1339 182_________________
2 1415 1423 115_________________
2 1415 1360 1128________________
1 1415 1418 1___________________
1 1417 1221 2AA_________________
1 1417 1284 2A9_________________
1 1417 1347 29__________________
1 1417 1410 1___________________
1 1419 1360 128_________________
1 1419 1423 15__________________
1 1422 1355 82__________________
1 1422 1418 51__________________
1 1422 1479 529_________________
2 1424 1355 82__________________
2 1424 1410 511_________________
2 1424 1479 529_________________
2 1424 1339 825155______________
2 1424 1402 51115_______________
2 1430 1311 282_________________
2 1430 1374 281_________________
2 1430 1437 51__________________
2 1430 1500 522_________________
2 1430 1443 5115________________
2 1434 1368 182_________________
2 1434 1431 15__________________
2 1440 1443 15__________________
2 1470 1402 225_________________
2 1470 1339 2282________________
1 1470 1402 225_________________
1 1470 1339 2282________________
2 1475 1479 1___________________
1 1475 1479 1___________________
2 1477 1473 1___________________
2 1477 1536 21__________________
2 1477 1599 22__________________
1 1477 1473 1___________________
1 1477 1536 21__________________
1 1477 1599 22__________________
2 1481 1423 925_________________
2 1481 1360 2228________________
1 1481 1360 2228________________
1 1481 1423 925_________________
1 1481 1485 5___________________
1 1481 1548 2___________________
1 1483 1479 5___________________
2 1497 1368 2282________________
2 1497 1431 225_________________
2 1497 1557 1___________________
2 1502 1443 225_________________
1 1502 1505 1___________________
1 1504 1500 1___________________
2 1534 1402 2125________________
2 1534 1339 21282_______________
1 1534 1402 2125________________
1 1534 1339 21282_______________
2 1538 1479 12__________________
1 1538 1479 12__________________
1 1546 1479 2___________________
2 1556 1500 1___________________
2 1597 1402 1125________________
2 1597 1339 11282_______________
1 1597 1402 1125________________
1 1597 1339 11282_______________
2 1601 1479 22__________________
1 1601 1479 22__________________
1 1644 1704 2___________________
1 1648 1714 2___________________
2 1648 1714 2___________________
1 1668 1728 2___________________
2 1668 1728 2___________________
1 1672 1738 2___________________
2 1672 1738 2___________________
1 1705 1646 2___________________
1 1705 1709 1___________________
1 1707 1704 1___________________
1 1711 1714 1___________________
2 1711 1714 1___________________
1 1713 1646 2___________________
1 1713 1709 1___________________
2 1715 1646 2___________________
2 1715 1709 1___________________
2 1727 1670 2___________________
2 1727 1733 1___________________
1 1729 1670 2___________________
1 1729 1733 1___________________
1 1731 1728 1___________________
2 1731 1728 1___________________
1 1735 1738 1___________________
2 1735 1738 1___________________
1 1737 1670 2___________________
1 1737 1733 1___________________
2 1739 1670 2___________________
2 1739 1733 1___________________