TS 0077 000 00000000 00000000 00000000 00000000 000000 00141 00000 002 0 0
ZB 0133 000 00000000 00000000 00000000 00000000 000000 00141 00136 005 0 0
MZ 0136 005 00000077 00000000 00000133 00000000 000350 00002 00137 002 0 0
MA 0137 004 00000002 00000100 00000077 00000000 001420 00000 00110 002 0 0
MA 0138 003 00000002 00000000 00000077 00000000 001480 00000 00110 002 0 0
MA 0139 002 00000002 00000000 00000077 00000000 001480 00000 00110 002 0 0
UO 0140 000 00001110 00000000 00000000 00000000 000000 00141 00139 001 0 0
ZB 0196 000 00000000 00000000 00000000 00000000 000000 00203 00199 004 0 0
MZ 0199 002 00000266 00000000 00000196 00000000 000500 00001 00137 001 0 0
MA 0200 003 00000001 00000000 00000266 00000000 001020 00000 00110 001 0 0
MA 0201 004 00000001 00000000 00000266 00000000 001345 00000 00110 001 0 0
MA 0202 005 00000001 00000001 00000266 00000000 001495 00000 00110 001 0 0
NH 0203 000 00000204 00000202 00000196 00000000 000000 00000 00000 001 0 0
TS 0266 000 00000000 00000000 00000000 00000000 000000 00203 00000 001 0 0
SB 0366 000 28148370 32244215 36438707 00000000 000000 00220 00303 002 0 0
ZB 0418 000 00000000 00000000 00000000 00000000 000000 00486 00480 005 0 0
TS 0421 000 00000000 00000000 00000000 00000000 000000 00486 00001 002 0 0
UB 0426 000 00000614 00000000 00000000 00000000 000025 00000 00040 000 0 0
ND 0427 000 00000426 00000429 00000000 00000000 000000 00000 00000 002 0 0
KS 0429 000 00000000 00000000 00000366 00000000 000423 00003 00040 003 0 0
ND 0431 000 00000432 00000429 00000000 00000000 000000 00000 00000 001 0 0
UB 0432 000 00001107 00000000 00000000 00000000 000025 00000 00040 000 0 0
TS 0437 000 00000000 00000000 00000000 00000000 000000 00000 00001 002 0 0
ZB 0438 000 00000000 00000000 00000000 00000000 000000 00503 00500 003 0 0
KB 0479 001 00000342 00000421 00000418 00000000 000200 00000 00090 001 0 1
NH 0480 000 00000479 00000481 00000418 00000000 000000 00000 00000 002 0 0
MA 0481 002 00000000 00000001 00000421 00000000 000850 00000 00090 002 0 0
MA 0482 003 00000000 00000000 00000421 00000000 000900 00483 00090 002 0 0
MP 0483 004 00000484 00000482 00000421 00000000 000020 00000 00090 000 0 0
MA 0484 005 00000000 00000000 00000421 00000000 000900 00483 00090 002 0 0
MA 0485 006 00000000 00000000 00000421 00000000 000850 00000 00090 006 0 0
NH 0486 000 00000487 00000485 00000418 00000000 000000 00000 00000 001 0 0
KB 0487 001 00001110 00000421 00000418 00000000 000350 00000 00090 002 0 0
NE 0488 000 00000489 00000487 00000000 00000000 000000 00000 00000 001 0 0
VK 0489 000 00001109 00001160 36246870 00001363 000025 00040 00090 005 0 0
ND 0490 000 00000489 00000492 00000000 00000000 000000 00000 00000 002 0 0
KS 0492 000 00000001 00000000 00000366 00000000 000455 00001 00090 003 0 0
ND 0495 000 00000496 00000492 00000000 00000000 000000 00000 00000 001 0 0
VN 0496 000 00001110 00001878 00000000 00000000 000025 00040 00090 001 0 0
VN 0497 000 36672598 00000342 00000000 00000000 000025 00040 00090 001 0 0
NE 0498 000 00000497 00000499 00000000 00000000 000000 00000 00000 002 0 0
KB 0499 001 00001110 00000437 00000438 00000000 000150 00000 00090 001 0 0
NH 0500 000 00000499 00000501 00000438 00000000 000000 00000 00000 006 0 0
MR 0501 002 00000000 00000000 00000437 00000000 000850 00000 00090 000 0 0
MB 0502 003 00001110 00000000 00000437 00000000 002300 00000 00090 000 0 0
MZ 0503 004 00000437 00000000 00000438 00000000 003000 00000 00249 000 0 0
UO 0541 000 00000601 00000000 00000000 00000000 000000 00479 00730 001 0 0
UU 0550 000 00000006 00000000 00000000 00000000 000000 00000 00000 000 0 0
KB 0551 000 00001110 00000000 00000000 00000000 000250 00000 00040 000 0 0
NE 0552 000 00000553 00000551 00000000 00000000 000000 00000 00000 001 0 0
VK 0553 000 32064597 00001877 00001366 00001363 000025 00040 00040 005 0 0
ND 0554 000 00000553 00000556 00000000 00000000 000000 00000 00000 002 0 0
KS 0556 000 00000000 00000000 00000366 00000000 000410 00002 00060 002 0 0
ND 0558 000 00000559 00000556 00000000 00000000 000000 00000 00000 001 0 0
VK 0559 000 00001109 00000341 32576854 00001369 000025 00040 00060 005 0 0
NE 0560 000 00000559 00000624 00000000 00000000 000000 00000 00000 002 0 0
UO 0561 000 00001058 00000000 00000000 00000000 000000 00624 00560 001 0 0
UO 0604 000 00000600 00000000 00000000 00000000 000000 00479 00730 001 0 0
UB 0617 000 00001878 00000000 00000000 00000000 000025 00000 00040 000 0 0
NE 0618 000 00000617 00000619 00000000 00000000 000000 00000 00000 002 0 0
KB 0619 000 00001110 00000000 00000000 00000000 000250 00000 00040 000 0 0
NE 0620 000 00000621 00000619 00000000 00000000 000000 00000 00000 001 0 0
UB 0621 000 00001113 00000000 00000000 00000000 000025 00000 00040 000 0 0
KB 0624 001 00002130 00000626 00000627 00000000 000120 00000 00060 001 0 1
TS 0626 000 00000000 00000000 00000000 00000000 000000 00000 00001 002 0 0
ZB 0627 000 00000000 00000000 00000000 00000000 000000 00689 00691 003 0 0
SB 0658 000 51380995 55542624 47284590 59692150 000000 00200 00530 001 0 0
UO 0667 000 00000600 00000000 00000000 00000000 000000 00479 00730 001 0 0
UO 0687 000 00002182 00000000 00000000 00000000 000000 00688 00624 002 0 0
UP 0688 000 00000689 00000558 00000000 00000000 000020 00000 00060 000 0 0
NH 0689 000 00000688 00000690 00000627 00000000 000000 00000 00000 006 0 0
MR 0690 002 00000000 00000000 00000626 00000000 000420 00000 00060 000 0 0
MZ 0691 003 00000626 00000000 00000627 00000000 002000 00000 00752 000 0 0
ZB 0709 000 00000000 00000000 00000000 00000000 000000 00776 00771 001 0 1
TS 0712 000 00000000 00000000 00000000 00000000 000000 00000 00000 002 0 1
UO 0717 000 00000342 00000000 00000000 00000000 000000 00718 00779 002 0 0
ND 0718 000 00000717 00000721 00000000 00000000 000000 00000 00000 002 0 0
KS 0721 000 00000016 00000350 00000658 00000000 000520 00003 00080 001 0 0
ND 0723 000 00000724 00000721 00000000 00000000 000000 00000 00000 001 0 0
VK 0724 000 51594325 00001058 51582294 00000614 000025 00040 00080 005 0 0
ND 0725 000 00000724 00000727 00000000 00000000 000000 00000 00000 002 0 0
KS 0727 000 00000000 00000000 00000000 00000000 000250 00031 00080 000 0 0
ND 0729 000 00000730 00000727 00000000 00000000 000000 00000 00000 001 0 0
VN 0730 000 51922056 00000344 00000000 00000000 000025 00040 00080 001 0 1
TS 0732 000 00000000 00000000 00000000 00000000 000000 00000 00000 002 0 1
ZB 0733 000 00000000 00000000 00000000 00000000 000000 00993 00795 003 0 1
MZ 0771 004 00000712 00000000 00000709 00000000 000820 00002 00772 002 0 0
MB 0772 005 00001110 00000000 00000712 00000000 001200 00000 00120 000 0 0
MB 0773 002 00001110 00000000 00000712 00000000 001350 00000 00120 000 0 0
MB 0774 003 00001110 00000000 00000712 00000000 001000 00000 00120 000 0 0
UO 0775 000 00001110 00000000 00000000 00000000 000000 00776 00774 001 0 0
KB 0776 001 00001110 00000712 00000709 00000000 000520 00000 00120 002 0 1
NE 0777 000 00000778 00000776 00000000 00000000 000000 00000 00000 001 0 0
VK 0778 000 55133269 00001058 55121238 00000550 000025 00040 00100 005 0 0
VN 0779 000 00001110 00001113 00000000 00000000 000025 00040 00100 001 0 2
ND 0780 000 00000779 00000784 00000000 00000000 000000 00000 00000 002 0 0
KS 0784 000 00000032 00000350 00000658 00000000 000540 00001 00100 003 0 0
ND 0786 000 00000787 00000784 00000000 00000000 000000 00000 00000 001 0 0
VK 0787 000 47465557 00001160 47453526 00002182 000025 00040 00100 005 0 0
VN 0788 000 55841878 00001107 00000000 00000000 000025 00040 00100 001 0 0
UO 0789 000 00001110 00000000 00000000 00000000 000000 00790 00788 001 0 0
UB 0790 000 00001110 00000000 00000000 00000000 000050 00000 00100 000 0 1
UO 0791 000 00001110 00000000 00000000 00000000 000000 00792 00790 002 0 0
VK 0792 000 55985237 00000341 47846742 00001369 000025 00040 00100 005 0 0
NE 0793 000 00000792 00000794 00000000 00000000 000000 00000 00000 002 0 0
KB 0794 000 00001110 00000000 00000000 00000000 000460 00000 00120 000 0 0
NH 0795 000 00000794 00000796 00000733 00000000 000000 00000 00000 006 0 0
MR 0796 005 00000000 00000000 00000732 00000120 001000 00000 00120 000 0 0
MB 0797 002 00001110 00000000 00000732 00000000 000400 00000 00120 000 0 0
MB 0798 003 00001110 00000000 00000732 00000000 000900 00000 00120 000 0 0
MB 0799 004 00001110 00000000 00000732 00000000 000500 00000 00120 128 0 0
MB 0800 005 00001110 00000000 00000732 00000000 000900 00000 00120 000 0 0
MZ 0801 006 00000732 00000000 00000733 00000000 001500 00001 00796 002 0 2
MZ 0834 004 00000901 00000000 00000898 00000000 000820 00001 00772 001 0 0
MB 0835 005 00001110 00000000 00000901 00000000 001200 00000 00120 000 0 0
MB 0836 002 00001110 00000000 00000901 00000000 001350 00000 00120 000 0 0
MR 0837 003 00000000 00000000 00000901 00000000 001000 00000 00120 000 0 0
NH 0838 000 00000839 00000837 00000898 00000000 000000 00000 00000 005 0 0
KB 0839 000 00001110 00000000 00000000 00000000 000530 00000 00120 012 0 0
NE 0840 000 00000841 00000839 00000000 00000000 000000 00000 00000 001 0 0
VK 0841 000 51004501 00001160 50992470 00002150 000025 00040 00100 005 0 0
UB 0842 000 00001110 00000000 00000000 00000000 000025 00000 00100 000 0 0
VN 0843 000 59446358 00001107 00000000 00000000 000025 00040 00100 001 0 0
ND 0844 000 00000843 00000847 00000000 00000000 000000 00000 00000 002 0 0
KS 0847 000 00000018 00000400 00000658 00000000 000560 00002 00100 002 0 0
ND 0851 000 00000852 00000847 00000000 00000000 000000 00000 00000 001 0 0
VK 0852 000 51647573 00001877 00001366 00000614 000025 00040 00100 005 0 0
UB 0853 000 00001110 00000000 00000000 00000000 000040 00000 00100 000 0 0
VK 0854 000 64099413 00000341 51909974 00001369 000025 00040 00100 005 0 0
NE 0855 000 00000854 00000857 00000000 00000000 000000 00000 00000 002 0 0
UO 0856 000 00001110 00000000 00000000 00000000 000000 00857 00855 001 0 0
KB 0857 001 00001110 00000921 00000922 00000000 000470 00000 00120 001 0 1
UO 0858 000 00001110 00000000 00000000 00000000 000000 00859 00857 002 0 0
MB 0859 005 00001110 00000000 00000921 00000000 000600 00000 00120 000 0 0
MB 0860 002 00001110 00000000 00000921 00000000 000800 00000 00120 000 0 0
MB 0861 003 00001110 00000000 00000921 00000000 000900 00000 00120 000 0 0
MB 0862 004 00001110 00000000 00000921 00000000 000500 00000 00120 032 0 1
MB 0863 005 00001110 00000000 00000921 00000000 000900 00000 00120 000 0 0
MZ 0864 006 00000932 00000000 00000922 00000000 001300 00002 00796 001 0 0
ZB 0898 000 00000000 00000000 00000000 00000000 000000 00838 00834 002 0 1
TS 0901 000 00000000 00000000 00000000 00000000 000000 00000 00000 001 0 1
KB 0905 001 00000342 00001154 00001150 00000000 000580 00000 00080 002 0 1
NE 0906 000 00000907 00000905 00000000 00000000 000000 00000 00000 001 0 0
VK 0907 000 55252053 00001877 00001366 00001363 000025 00040 00080 005 0 0
ND 0908 000 00000907 00000910 00000000 00000000 000000 00000 00000 002 0 0
KS 0910 000 00000002 00000000 00000658 00000000 000520 00004 00080 001 0 0
ND 0914 000 00000915 00000910 00000000 00000000 000000 00000 00000 001 0 0
UB 0915 000 00001160 00000000 00000000 00000000 000025 00000 00040 000 0 0
UB 0916 000 00000345 00000000 00000000 00000000 000030 00000 00040 000 0 0
TS 0921 000 00000000 00000000 00000000 00000000 000000 00000 00000 001 0 1
ZB 0922 000 00000000 00000000 00000000 00000000 000000 00864 00857 000 0 1
TS 0946 000 00000000 00000000 00000000 00000000 000000 00000 00000 002 0 0
ZB 0947 000 00000000 00000000 00000000 00000000 000000 01012 01009 001 0 0
UU 0950 000 00000006 00000000 00000000 00000000 000000 00000 00000 001 0 0
KS 0952 000 00000000 00000000 00001142 00000000 000320 00005 00040 000 0 0
ND 0954 000 00000955 00000952 00000000 00000000 000000 00000 00000 001 0 0
UB 0955 000 00001107 00000000 00000000 00000000 000020 00000 00040 000 0 0
UO 0967 000 00000601 00000000 00000000 00000000 000000 00905 01091 001 0 0
VN 0971 000 00001878 00001874 00000000 00000000 000025 00040 00040 001 0 0
ND 0972 000 00000971 00000974 00000000 00000000 000000 00000 00000 002 0 0
KS 0974 000 00000000 00000000 00000658 00000000 000560 00006 00040 010 0 0
ND 0976 000 00000978 00000974 00000000 00000000 000000 00000 00000 001 0 0
UO 0977 000 00001110 00000000 00000000 00000000 000000 00978 00976 001 0 0
VK 0978 000 00001109 00000341 00001366 00001369 000025 00040 00040 005 0 1
NE 0979 000 00000978 00000981 00000000 00000000 000000 00000 00000 002 0 0
KS 0981 000 00000000 00000000 00000658 00000000 000150 00061 00040 000 0 0
UU 0983 000 00000004 00000000 00000000 00000000 000000 00000 00000 001 0 0
MZ 1009 003 00000946 00000000 00000947 00000000 002000 00002 01009 002 0 0
MB 1010 002 00001110 00000000 00000946 00000000 000700 00000 00080 000 0 0
UO 1011 000 00001110 00000000 00000000 00000000 000000 01012 01010 001 0 0
KB 1012 001 00001110 00000946 00000947 00000000 000250 00000 00080 002 0 1
VK 1013 000 70534229 00001058 70522198 00000550 000025 00060 00080 005 0 0
ND 1014 000 00001013 00001016 00001136 00000000 000000 00000 00000 002 0 0
KS 1016 000 00000000 00000300 00001142 00000000 000430 00003 00080 001 0 0
ND 1018 000 00001019 00001016 00000000 00000000 000000 00000 00000 001 0 0
VK 1019 000 00001109 00001877 70980950 00001363 000025 00040 00080 005 0 0
KB 1020 001 00001110 00001451 00001514 00000000 000200 00000 00080 001 0 0
NH 1021 000 00001020 00001022 00001514 00000000 000000 00000 00000 006 0 0
MR 1022 002 00000000 00000000 00001451 00000000 000450 00000 00080 000 0 1
MO 1023 000 00001107 00000000 00000000 00000000 000000 01388 01022 002 0 0
UO 1030 000 00000344 00000000 00000000 00000000 000000 00905 01091 001 0 0
UB 1034 000 00002182 00000000 00000000 00000000 000025 00000 00040 000 0 0
ND 1035 000 00001034 00001037 00000000 00000000 000000 00000 00000 002 0 0
KS 1037 000 00000000 00000000 00000658 00000000 000530 00008 00040 000 0 0
ND 1039 000 00001040 00001037 00000000 00000000 000000 00000 00000 001 0 0
UB 1040 000 00001113 00000000 00000000 00000000 000020 00000 00040 000 0 0
MZ 1072 003 00001135 00000000 00001136 00000000 002000 00001 01009 001 0 0
MR 1073 002 00000000 00000000 00001135 00000000 000700 00000 00080 000 0 0
NH 1074 000 00001075 00001073 00001136 00000000 000000 00000 00000 005 0 0
UB 1075 000 00001110 00000000 00000000 00000000 000250 00000 00080 000 0 0
VK 1076 000 66405461 00001160 66393430 00002182 000025 00060 00080 005 0 0
ND 1077 000 00001076 00001079 00001136 00000000 000000 00000 00000 002 0 0
KS 1079 000 00000001 00000300 00001142 00000000 000450 00001 00080 003 0 0
ND 1082 000 00001083 00001079 00000000 00000000 000000 00000 00000 001 0 0
VN 1083 000 66798678 00001878 00001875 00001107 000025 00040 00080 001 0 0
KB 1084 001 00001110 00001154 00001150 00000000 000320 00000 00080 001 0 0
NH 1085 000 00001084 00001086 00001150 00000000 000000 00000 00000 006 0 0
MR 1086 006 00000000 00000000 00001154 00000000 000750 00000 00080 000 0 0
MB 1087 002 00001110 00000000 00001154 00000000 000700 01088 00080 000 0 0
MP 1088 003 00001089 00001087 00001154 00000000 000020 00000 00080 000 0 0
MB 1089 004 00001110 00000000 00001154 00000000 000700 01088 00080 000 0 0
MR 1090 005 00000000 00000000 00001154 00000080 000800 00000 00080 001 0 0
NH 1091 000 00000905 00001090 00001150 00000000 000000 00000 00000 005 0 0
UO 1092 000 00001113 00000000 00000000 00000000 000000 00905 01091 001 0 0
TS 1135 000 00000000 00000000 00000000 00000000 000000 00000 00000 001 0 0
ZB 1136 000 00000000 00000000 00000000 00000000 000000 01074 01072 002 0 1
SB 1142 000 66618353 70714002 66606214 00000000 000000 00250 00889 002 0 0
ZB 1150 000 00000000 00000000 00000000 00000000 000000 01091 01085 000 0 1
TS 1154 000 00000000 00000000 00000000 00000000 000000 00000 00001 002 0 0
SB 1158 000 88278134 96568544 00000000 00000000 000000 00180 01096 001 0 0
UO 1218 000 00000342 00000000 00000000 00000000 000000 01219 01280 002 0 0
ND 1219 000 00001280 00001221 00000000 00000000 000000 00000 00000 002 0 0
KS 1221 000 00000000 00000350 00001158 00000000 000600 00005 00040 002 0 0
ND 1223 000 00001224 00001221 00000000 00000000 000000 00000 00000 001 0 0
UB 1224 000 00001107 00000000 00000000 00000000 000025 00000 00040 000 0 0
SB 1248 000 90047622 94209448 00000000 00000000 000000 00250 01184 002 0 0
   1263 000 00000000 00000000 00000000 00000000 000000 00000 00000 000 0 5
TS 1271 000 00000000 00000000 00000000 00000000 000000 00000 00001 002 0 0
ZB 1272 000 00000000 00000000 00000000 00000000 000000 01338 01331 001 0 0
KB 1276 001 00001110 00000000 00000000 00000000 000250 00000 00040 002 0 0
NE 1277 000 00001278 00001276 00000000 00000000 000000 00000 00000 001 0 0
UB 1278 000 00001107 00000000 00000000 00000000 000025 00000 00040 000 0 0
UB 1280 000 00000345 00000000 00000000 00000000 000050 00000 00040 000 0 1
UB 1281 000 00000342 00000000 00000000 00000000 000025 00000 00040 000 0 0
ND 1282 000 00001281 00001284 00000000 00000000 000000 00000 00000 002 0 0
KS 1284 000 00000001 00000350 00001158 00000000 000600 00003 00040 001 0 0
ND 1287 000 00001288 00001284 00000000 00000000 000000 00000 00000 001 0 0
VK 1288 000 00001109 00001877 88610134 00001363 000025 00040 00040 005 0 0
NE 1289 000 00001288 00001290 00000000 00000000 000000 00000 00000 002 0 0
KB 1290 000 00001110 00000000 00000000 00000000 000100 00000 00040 000 0 0
UU 1291 000 00000004 00000000 00000000 00000000 000000 00000 00000 000 0 0
ZB 1299 000 00000000 00000000 00000000 00000000 000000 01367 01361 005 0 0
TS 1302 000 00000000 00000000 00000000 00000000 000000 01367 00001 002 0 0
UB 1307 000 00000614 00000000 00000000 00000000 000025 00000 00080 000 0 0
ND 1308 000 00001307 00001311 00000000 00000000 000000 00000 00000 002 0 0
KS 1311 000 00000016 00000000 00001248 00000000 000670 00003 00080 001 0 0
ND 1313 000 00001314 00001311 00000000 00000000 000000 00000 00000 001 0 0
UB 1314 000 00001107 00000000 00000000 00000000 000025 00000 00080 000 0 0
TS 1318 000 00000000 00000000 00000000 00000000 000000 00001 00000 002 0 0
ZB 1319 000 00000000 00000000 00000000 00000000 000000 01385 01381 005 0 0
UU 1328 000 00000006 00000000 00000000 00000000 000000 00000 00000 000 0 0
VN 1329 000 91231318 00000614 00000000 00000000 000025 00080 00080 001 0 0
KB 1330 001 00001110 00001271 00001272 00000000 000100 00000 00090 001 0 0
NH 1331 000 00001330 00001332 00001272 00000000 000000 00000 00000 006 0 0
MR 1332 002 00001110 00000000 00001271 00000000 000700 01333 00090 000 0 0
MP 1333 003 00001334 00001332 00001271 00000010 000020 00000 00090 002 0 0
MB 1334 004 00001110 00000000 00001271 00000000 000700 01333 00090 000 0 1
MO 1335 000 00001110 00000000 00000000 00000000 000000 01336 01334 002 0 0
MB 1336 005 00001110 00000000 00001271 00000000 002560 00000 00090 000 0 1
MR 1337 006 00000000 00000000 00001271 00000920 000900 00000 00090 000 0 0
NH 1338 000 00001339 00001337 00001272 00000000 000000 00000 00000 005 0 0
KB 1339 001 00001110 00001271 00001272 00000000 000250 00000 00090 002 0 0
NE 1340 000 00001341 00001339 00000000 00000000 000000 00000 00000 001 0 0
VK 1341 000 92030037 00001058 92018006 00000550 000025 00040 00090 005 0 0
VK 1342 000 00017493 00001877 00001366 00001369 000025 00040 00090 005 0 0
VN 1343 000 00001110 00001113 00000000 00000000 000025 00040 00090 001 0 0
ND 1344 000 00001343 00001347 00000000 00000000 000000 00000 00000 002 0 0
KS 1347 000 00000018 00000350 00001158 00000000 000620 00001 00100 002 0 0
ND 1351 000 00001352 00001347 00000000 00000000 000000 00000 00000 001 0 0
VK 1352 000 84427861 00001877 92804438 00001363 000025 00040 00100 005 0 0
ND 1353 000 00001352 00001355 00000000 00000000 000000 00000 00000 002 0 0
KS 1355 000 00000000 00000000 00000000 00000000 000350 00011 00100 000 0 0
NE 1357 000 00001358 00001355 00000000 00000000 000000 00000 00000 001 0 0
VK 1358 000 93144149 00001058 93132118 00000550 000025 00040 00100 005 0 0
NE 1359 000 00001358 00001360 00000000 00000000 000000 00000 00000 002 0 0
KB 1360 001 00001110 00001302 00001299 00000000 000250 00000 00120 001 0 0
NH 1361 000 00001360 00001362 00001299 00000000 000000 00000 00000 002 0 0
MA 1362 002 00000002 00000001 00001302 00000000 001100 00000 00120 130 0 0
MA 1363 003 00000002 00000000 00001302 00000000 001000 00000 00120 002 0 0
MA 1364 004 00000002 00000000 00001302 00000000 001200 00000 00120 002 0 0
MA 1365 005 00000002 00000000 00001302 00000000 001000 00000 00120 130 0 0
MA 1366 006 00000002 00000000 00001302 00000000 001000 00000 00120 006 0 0
NH 1367 000 00001368 00001366 00001299 00000000 000000 00000 00000 001 0 0
KB 1368 001 00001110 00001302 00001299 00000000 000250 00000 00120 002 0 0
VK 1369 000 93865045 00001058 93853014 00000550 000025 00080 00120 005 0 0
VN 1370 000 00001110 00001160 00000000 00000000 000025 00080 00120 001 0 0
ND 1371 000 00001370 00001374 00000000 00000000 000000 00000 00000 002 0 0
KS 1374 000 00000017 00000000 00001248 00000000 000700 00001 00120 002 0 0
ND 1377 000 00001378 00001374 00000000 00000000 000000 00000 00000 001 0 0
VN 1378 000 00001110 00001878 00000000 00000000 000025 00080 00120 001 0 0
VK 1379 000 94520405 00001058 94508374 00000550 000025 00080 00120 005 0 0
UB 1380 000 00001110 00000000 00000000 00000000 000250 00000 00120 000 0 0
NH 1381 000 00001380 00001382 00001319 00000000 000000 00000 00000 002 0 0
MA 1382 002 00000000 00000001 00001318 00000000 001000 00000 00120 002 0 0
MA 1383 003 00000000 00000000 00001318 00000000 001000 00000 00120 130 0 0
MA 1384 004 00000000 00000000 00001318 00000000 001000 00000 00120 002 0 0
MZ 1385 005 00001318 00000000 00001319 00000000 002300 00001 01382 002 0 0
MO 1387 000 00001878 00000000 00000000 00000000 000000 01388 01022 001 0 0
MB 1388 003 00001110 00000000 00001451 00000000 000500 00000 00090 000 0 1
MR 1389 004 00000000 00000000 00001451 00000000 000800 00000 00090 000 0 0
NH 1390 000 00001391 00001389 00001514 00000000 000000 00000 00000 005 0 0
KB 1391 001 00001110 00001451 00001514 00000000 000070 00000 00090 002 0 0
VN 1392 000 87102550 00001160 00000000 00000000 000025 00080 00090 001 0 0
KB 1393 001 00001110 00001460 00001461 00000000 000100 00000 00090 001 0 0
NH 1394 000 00001393 00001395 00001461 00000000 000000 00000 00000 006 0 0
MR 1395 002 00001110 00000000 00001460 00000000 000700 01396 00090 000 0 0
MP 1396 003 00001397 00001395 00001460 00000010 000020 00000 00090 001 0 0
MB 1397 004 00001110 00000000 00001460 00000000 000700 01396 00090 000 0 1
MO 1398 000 00001110 00000000 00000000 00000000 000000 01399 01397 001 0 0
MB 1399 005 00001110 00000000 00001460 00000000 002560 00000 00090 000 0 1
MR 1400 006 00000000 00000000 00001460 00000000 000900 00000 00090 000 0 0
NH 1401 000 00001402 00001400 00001461 00000000 000000 00000 00000 005 0 0
KB 1402 001 00001110 00001460 00001461 00000000 000250 00000 00090 002 0 0
NE 1403 000 00001404 00001402 00000000 00000000 000000 00000 00000 001 0 0
VK 1404 000 87901269 00001160 87889238 00002182 000025 00040 00090 005 0 0
VN 1405 000 00001110 00001107 00000000 00000000 000025 00040 00090 001 0 0
ND 1406 000 00001405 00001410 00000000 00000000 000000 00000 00000 002 0 0
KS 1410 000 00000035 00000350 00001158 00000000 000660 00002 00120 001 0 0
ND 1415 000 00001416 00001410 00000000 00000000 000000 00000 00000 001 0 0
VN 1416 000 88622166 00001878 00000000 00000000 000025 00040 00120 001 0 0
NE 1417 000 00001416 00001418 00000000 00000000 000000 00000 00000 002 0 0
KB 1418 000 00001110 00000000 00000000 00000000 000200 00000 00120 000 0 0
NE 1419 000 00001420 00001418 00000000 00000000 000000 00000 00000 001 0 0
VN 1420 000 97129558 00000342 00000000 00000000 000025 00080 00120 001 0 0
VK 1421 000 89015381 00001160 89003350 00002182 000025 00040 00120 005 0 0
NE 1422 000 00001421 00001423 00000000 00000000 000000 00000 00000 002 0 0
KB 1423 001 00001110 00001491 00001488 00000000 000250 00000 00120 001 0 0
NH 1424 000 00001423 00001425 00001488 00000000 000000 00000 00000 002 0 0
MA 1425 002 00000001 00000000 00001491 00000000 001100 00000 00120 037 0 0
MA 1426 003 00000001 00000000 00001491 00000000 001000 00000 00120 001 0 0
MA 1427 004 00000001 00000000 00001491 00000000 001200 00000 00120 001 0 0
MA 1428 005 00000001 00000000 00001491 00000000 001000 00000 00120 033 0 0
MA 1429 006 00000001 00000001 00001491 00000000 001000 00000 00120 001 0 0
NH 1430 000 00001431 00001429 00001488 00000000 000000 00000 00000 001 0 0
KB 1431 001 00001110 00001491 00001488 00000000 000250 00000 00120 002 0 0
VK 1432 000 89736277 00001160 89724246 00002182 000025 00080 00120 005 0 0
VN 1433 000 00001110 00001058 00000000 00000000 000025 00080 00120 001 0 0
ND 1434 000 00001433 00001437 00000000 00000000 000000 00000 00000 002 0 0
KS 1437 000 00000017 00000000 00001248 00000000 000700 00002 00120 001 0 0
ND 1440 000 00001441 00001437 00000000 00000000 000000 00000 00000 001 0 0
VN 1441 000 98505814 00000342 00000000 00000000 000025 00080 00120 001 0 0
VK 1442 000 90391637 00001160 90379606 00002182 000025 00080 00120 005 0 0
KB 1443 001 00001110 00001507 00001508 00000000 000250 00000 00120 001 0 1
UO 1444 000 00001110 00000000 00000000 00000000 000000 01445 01443 002 0 0
MA 1445 002 00000000 00000000 00001507 00000000 001000 00000 00120 005 0 0
MA 1446 003 00000000 00000000 00001507 00000000 001000 00000 00120 033 0 0
MA 1447 004 00000000 00000010 00001507 00000000 001000 00000 00120 001 0 0
MZ 1448 005 00001507 00000000 00001508 00000000 002300 00002 01382 001 0 0
TS 1451 000 00000000 00000000 00000000 00000000 000000 00000 00001 001 0 0
TS 1460 000 00000000 00000000 00000000 00000000 000000 00000 00001 001 0 0
ZB 1461 000 00000000 00000000 00000000 00000000 000000 01401 01394 000 0 0
VN 1469 000 00001875 00001878 00000000 00000000 000025 00040 00040 001 0 0
ND 1470 000 00001469 00001473 00000000 00000000 000000 00000 00000 002 0 0
KS 1473 000 00000016 00000350 00001158 00000000 000580 00004 00080 002 0 0
ND 1475 000 00001476 00001473 00000000 00000000 000000 00000 00000 001 0 0
VN 1476 000 00001110 00000614 00000000 00000000 000025 00040 00080 001 0 0
ND 1477 000 00001476 00001479 00000000 00000000 000000 00000 00000 002 0 0
KS 1479 000 00000000 00000000 00000000 00000000 000350 00041 00080 000 0 0
ND 1481 000 00001482 00001479 00000000 00000000 000000 00000 00000 001 0 0
VK 1482 000 00001109 00001058 93066582 00001369 000025 00040 00080 005 0 0
NE 1483 000 00001482 00001485 00000000 00000000 000000 00000 00000 002 0 0
KS 1485 000 00000000 00000000 00000000 00000000 000400 00042 00040 000 0 0
UU 1487 000 00000004 00000000 00000000 00000000 000000 00000 00000 000 0 0
ZB 1488 000 00000000 00000000 00000000 00000000 000000 01430 01424 004 0 0
TS 1491 000 00000000 00000000 00000000 00000000 000000 01430 00001 001 0 0
UB 1496 000 00002182 00000000 00000000 00000000 000025 00000 00080 000 0 0
ND 1497 000 00001496 00001500 00000000 00000000 000000 00000 00000 002 0 0
KS 1500 000 00000016 00000000 00001248 00000000 000660 00004 00080 002 0 0
ND 1502 000 00001503 00001500 00000000 00000000 000000 00000 00000 001 0 0
VN 1503 000 94442582 00001113 00000000 00000000 000025 00040 00080 001 0 0
NE 1504 000 00001503 00001505 00000000 00000000 000000 00000 00000 002 0 0
KB 1505 000 00001107 00000000 00000000 00000000 000100 00000 00040 000 0 0
TS 1507 000 00000000 00000000 00000000 00000000 000000 00001 00000 001 0 0
ZB 1508 000 00000000 00000000 00000000 00000000 000000 01448 01443 004 0 0
ZB 1514 000 00000000 00000000 00000000 00000000 000000 01390 01021 000 0 0
VN 1533 000 00001874 00001878 00000000 00000000 000025 00040 00040 001 0 0
ND 1534 000 00001533 00001536 00000000 00000000 000000 00000 00000 002 0 0
KS 1536 000 00000000 00000000 00001158 00000000 000560 00006 00040 000 0 0
ND 1538 000 00001539 00001536 00000000 00000000 000000 00000 00000 001 0 0
VN 1539 000 00001160 00000600 00000000 00000000 000025 00040 00040 001 0 0
UB 1545 000 00002182 00000000 00000000 00000000 000025 00000 00040 000 0 0
NE 1546 000 00001545 00001548 00000000 00000000 000000 00000 00000 002 0 0
KS 1548 000 00000000 00000000 00000000 00000000 000400 00062 00040 000 0 0
UU 1550 000 00000004 00000000 00000000 00000000 000000 00000 00000 000 0 0
UU 1569 000 00000007 00000000 00000000 00000000 000000 00000 00000 000 0 0
UB 1596 000 00002182 00000000 00000000 00000000 000025 00000 00040 000 0 0
ND 1597 000 00001596 00001599 00000000 00000000 000000 00000 00000 002 0 0
KS 1599 000 00000000 00000000 00001158 00000000 000540 00008 00040 000 0 0
ND 1601 000 00001602 00001599 00000000 00000000 000000 00000 00000 001 0 0
UB 1602 000 00001160 00000000 00000000 00000000 000025 00000 00040 000 0 0
