12800 12800 0801 1009  246  90 13 2  658 258 1142 264
12801 12801 1072  864  247  90 15 1 1142 250  658 269 
07801  7801  834  864  303 100  8 1  658 308
12802 12802  801 1009  306  90 13 2  658 318 1142 324 
12803 12803 1072  864  307  90 15 1 1142 310  658 329 
07800  7800  801  771  332 100  8 2  658 339
07803  7803  834  864  333 100  8 1  658 338
07802  7802  801  771  362 100  8 2  658 369
07805  7805  834  864  363 100  8 1  658 368
00800   801 1385 1158  364 140 25 2
12804 12804  801 1009  366  90 13 2  658 378 1142 384 
12805 12805 1072  864  367  90 15 1 1142 370  658 389 
00801   801 1158 1448  390 140 25 1
07804  7804  801  771  392 100  8 2  658 399
07807  7807  834  864  393 100  8 1  658 398
07806  7806  801  771  422 100  8 2  658 429
07809  7809  834  864  423 100  8 1  658 428
12806 12806  801 1009  426  90 13 2  658 438 1142 444 
12807 12807 1072  864  427  90 15 1 1142 430  658 449 
07808  7808  801  771  452 100  8 2  658 459
07811  7811  834  864  453 100  8 1  658 458
91120 91221  503  658  480  70 24 2 
00602   602  801  771  480 120 15 2
00603   603  834  864  480 120 32 1
00075    75 1072 1448  481 160 20 1
07400  7401 1385 1158  481 100 12 2 1248 489
07810  7810  801  771  482 100  8 2  658 489
07813  7813  834  864  483 100  8 1  658 488
00802   803 1385 1158  484 140 25 2
63310 63310  691  771  485  80 45 2 
12808 12808  801 1009  486  90 13 2  658 498 1142 504 
12809 12809 1072  864  487  90 15 1 1142 490  658 509 
54101 54101  834  864  490  70 65 1 
00120   120 1385 1009  491 160 15 2
71400 71801 1385 1142  493 100  2 2 1158 503 
54108 54108  801  771  498 100 35 2 
00803   803 1158 1448  510 140 25 1
91221 91221  658  691  511  70 24 1 
71801 71801 1142  864  512 100  2 1 
07812  7812  801  771  512 100  8 2  658 519
07815  7815  834  864  513 100  8 1  658 518
07401  7401 1158 1448  516 100 10 1 1248 525
07814  7814  801  771  542 100  8 2  658 549
07817  7817  834  864  543 100  8 1  658 548
12810 12810  801 1009  546  90 13 2  658 558 1142 564 
12811 12811 1072  864  547  90 15 1 1142 550  658 569 
07816  7816  801  771  572 100  8 2  658 579
07819  7819  834  864  573 100  8 1  658 578
07818  7818  801  771  602 100  8 2  658 609
07821  7821  834  864  603 100  8 1  658 608
00804   805 1385 1158  604 140 25 2
12812 12812  801 1009  606  90 13 2  658 618 1142 624 
12813 12813 1072  864  607  90 15 1 1142 610  658 629 
00805   805 1158 1448  630 140 25 1
07820  7820  801  771  632 100  8 2  658 639
07823  7823  834  864  633 100  8 1  658 638
07822  7822  801  771  662 100  8 2  658 669
07825  7825  834  864  663 100  8 1  658 668
12814 12814  801 1009  666  90 13 2  658 678 1142 684 
12815 12815 1072  864  667  90 15 1 1142 670  658 689 
07824  7824  801  771  692 100  8 2  658 699
07827  7827  834  864  693 100  8 1  658 698
07826  7826  801  771  722 100  8 2  658 729
07829  7829  834  864  723 100  8 1  658 728
00806   807 1385 1158  724 140 25 2
12816 12816  801 1009  726  90 13 2  658 738 1142 744 
12817 12817 1072  864  727  90 15 1 1142 730  658 749 
00807   807 1158 1448  750 140 25 1
07828  7828  801  771  752 100  8 2  658 759
07831  7831  834  864  753 100  8 1  658 758
07830  7830  801  771  782 100  8 2  658 789
07833  7833  834  864  783 100  8 1  658 788
12818 12818  801 1009  786  90 13 2  658 798 1142 804
12819 12819 1072  864  787  90 15 1 1142 790  658 809 
07832  7832  801  771  812 100  8 2  658 819
07835  7835  834  864  813 100  8 1  658 818
07834  7834  801  771  842 100  8 2  658 849
07837  7837  834  864  843 100  8 1  658 848
00808   809 1385 1158  844 140 25 2
12820 12820  801 1009  846  90 13 2  658 858 1142 864 
12821 12821 1072  864  847  90 15 1 1142 850  658 869 
00809   809 1158 1448  870 140 25 1
07836  7836  801  771  872 100  8 2  658 879
07839  7839  834  864  873 100  8 1  658 878
07838  7838  801  771  902 100  8 2  658 909
07841  7841  834  864  903 100  8 1  658 908
12822 12822  801 1009  906  90 13 2  658 918 1142 924 
12823 12823 1072  864  907  90 15 1 1142 910  658 929 
07840  7840  801  771  932 100  8 2  658 939
07843  7843  834  864  933 100  8 1  658 938
07842  7842  801  771  962 100  8 2  658 969
07845  7845  834  864  963 100  8 1  658 968
00810   811 1385 1158  964 140 25 2
12824 12824  801 1009  966  90 13 2  658 978 1142 984 
12825 12825 1072  864  967  90 15 1 1142 970  658 989 
00811   811 1158 1448  990 140 25 1
07844  7844  801  771  992 100  8 2  658 999
07847  7847  834  864  993 100  8 1  658 998
07846  7846  801  771 1022 100  8 2  658 1029
07849  7849  834  864 1023 100  8 1  658 1028
12826 12826  801 1009 1026  90 13 2  658 1038 1142 1044 
12827 12827 1072  864 1027  90 15 1 1142 1030  658 1049 
07848  7848  801  771 1052 100  8 2  658 1059
07851  7851  834  864 1053 100  8 1  658 1058
07850  7850  801  771 1082 100  8 2  658 1089
07853  7853  834  864 1083 100  8 1  658 1088
00812   813 1385 1158 1084 140 25 2
12828 12828  801 1009 1086  90 13 2  658 1098 1142 1104 
12829 12829 1072  864 1087  90 15 1 1142 1090  658 1109 
00813   813 1158 1448 1110 140 25 1
07852  7852  801  771 1112 100  8 2  658 1119
07855  7855  834  864 1113 100  8 1  658 1118
07854  7854  801  771 1142 100  8 2  658 1149
07857  7857  834  864 1143 100  8 1  658 1148
12830 12830  801 1009 1146  90 13 2  658 1158 1142 1164 
12831 12831 1072  864 1147  90 15 1 1142 1150  658 1169 
07856  7856  801  771 1172 100  8 2  658 1179
07859  7859  834  864 1173 100  8 1  658 1178
07858  7858  801  771 1202 100  8 2  658 1209
07861  7861  834  864 1203 100  8 1  658 1208
00814   815 1385 1158 1204 140 25 2
12832 12832  801 1009 1206  90 13 2  658 1218 1142 1224 
12833 12833 1072  864 1207  90 15 1 1142 1210  658 1229 
00815   815 1158 1448 1230 140 25 1
07860  7860  801  771 1232 100  8 2  658 1239
07863  7863  834  864 1233 100  8 1  658 1238
07862  7862  801  771 1262 100  8 2  658 1269
07865  7865  834  864 1263 100  8 1  658 1268
12834 12834  801 1009 1266  90 13 2  658 1278 1142 1284 
12835 12835 1072  864 1267  90 15 1 1142 1270  658 1289 
07864  7864  801  771 1292 100  8 2  658 1299
07867  7867  834  864 1293 100  8 1  658 1298
07866  7866  801  771 1322 100  8 2  658 1329
07869  7869  834  864 1323 100  8 1  658 1328
12836 12836  801 1009 1326  90 13 2  658 1338 1142 1344 
12837 12837 1072  864 1327  90 15 1 1142 1330  658 1349 
07868  7868  801  771 1352 100  8 2  658 1359
07871  7871  834  864 1353 100  8 1  658 1358
07870  7870  801  771 1382 100  8 2  658 1389
07873  7873  834  864 1383 100  8 1  658 1388